number, label
0001, 70
0010, 35
0100, 06
1000, 30
1001, 06
1002, 73
1003, 50
1004, 89
1005, 63
1006, 87
1007, 74
1008, 20
1009, 62
0101, 79
1010, 25
1011, 71
1012, 85
1013, 27
1014, 23
1015, 61
1016, 11
1017, 60
1018, 71
1019, 33
0102, 74
1020, 26
1021, 38
1022, 91
1023, 18
1024, 19
1025, 64
1026, 39
1027, 60
1028, 05
1029, 33
0103, 30
1030, 96
1031, 60
1032, 41
1033, 96
1034, 96
1035, 03
1036, 88
1037, 99
1038, 08
1039, 63
0104, 06
1040, 74
1041, 36
1042, 06
1043, 35
1044, 27
1045, 73
1046, 29
1047, 20
1048, 41
1049, 66
0105, 04
1050, 33
1051, 27
1052, 91
1053, 58
1054, 35
1055, 05
1056, 41
1057, 76
1058, 96
1059, 82
0106, 39
1060, 08
1061, 41
1062, 55
1063, 82
1064, 46
1065, 90
1066, 81
1067, 84
1068, 68
1069, 55
0107, 61
1070, 06
1071, 36
1072, 63
1073, 47
1074, 71
1075, 49
1076, 32
1077, 08
1078, 90
1079, 71
0108, 69
1080, 56
1081, 38
1082, 90
1083, 18
1084, 94
1085, 05
1086, 37
1087, 97
1088, 07
1089, 72
0109, 19
1090, 85
1091, 55
1092, 50
1093, 11
1094, 41
1095, 79
1096, 12
1097, 70
1098, 71
1099, 07
0011, 72
0110, 83
1100, 54
1101, 50
1102, 04
1103, 97
1104, 08
1105, 74
1106, 04
1107, 40
1108, 49
1109, 92
0111, 13
1110, 77
1111, 94
1112, 74
1113, 61
1114, 60
1115, 16
1116, 38
1117, 04
1118, 22
1119, 94
0112, 90
1120, 93
1121, 72
1122, 69
1123, 73
1124, 26
1125, 96
1126, 55
1127, 83
1128, 64
1129, 89
0113, 39
1130, 96
1131, 92
1132, 46
1133, 29
1134, 31
1135, 56
1136, 76
1137, 81
1138, 62
1139, 67
0114, 64
1140, 87
1141, 13
1142, 88
1143, 41
1144, 09
1145, 85
1146, 15
1147, 71
1148, 10
1149, 16
0115, 60
1150, 41
1151, 56
1152, 59
1153, 42
1154, 78
1155, 60
1156, 86
1157, 40
1158, 17
1159, 38
0116, 71
1160, 08
1161, 25
1162, 97
1163, 97
1164, 27
1165, 90
1166, 41
1167, 52
1168, 50
1169, 87
0117, 56
1170, 04
1171, 66
1172, 74
1173, 55
1174, 96
1175, 21
1176, 26
1177, 07
1178, 08
1179, 06
0118, 52
1180, 53
1181, 38
1182, 24
1183, 10
1184, 70
1185, 06
1186, 33
1187, 10
1188, 05
1189, 05
0119, 16
1190, 62
1191, 96
1192, 86
1193, 28
1194, 29
1195, 25
1196, 74
1197, 47
1198, 03
1199, 14
0012, 64
0120, 27
1200, 68
1201, 36
1202, 18
1203, 55
1204, 24
1205, 33
1206, 26
1207, 40
1208, 82
1209, 37
0121, 10
1210, 43
1211, 53
1212, 20
1213, 79
1214, 04
1215, 66
1216, 23
1217, 79
1218, 43
1219, 02
0122, 11
1220, 18
1221, 71
1222, 21
1223, 44
1224, 18
1225, 12
1226, 12
1227, 23
1228, 72
1229, 60
0123, 68
1230, 10
1231, 51
1232, 77
1233, 28
1234, 21
1235, 76
1236, 33
1237, 67
1238, 97
1239, 23
0124, 74
1240, 76
1241, 90
1242, 35
1243, 08
1244, 20
1245, 50
1246, 52
1247, 88
1248, 34
1249, 43
0125, 19
1250, 49
1251, 33
1252, 96
1253, 71
1254, 12
1255, 35
1256, 99
1257, 38
1258, 32
1259, 19
0126, 61
1260, 27
1261, 02
1262, 12
1263, 58
1264, 66
1265, 29
1266, 58
1267, 48
1268, 15
1269, 52
0127, 94
1270, 94
1271, 77
1272, 24
1273, 49
1274, 27
1275, 19
1276, 75
1277, 76
1278, 23
1279, 95
0128, 17
1280, 26
1281, 82
1282, 66
1283, 50
1284, 50
1285, 95
1286, 90
1287, 37
1288, 66
1289, 59
0129, 88
1290, 34
1291, 23
1292, 67
1293, 73
1294, 37
1295, 85
1296, 55
1297, 90
1298, 41
1299, 60
0013, 30
0130, 93
1300, 71
1301, 73
1302, 32
1303, 50
1304, 65
1305, 16
1306, 91
1307, 39
1308, 09
1309, 17
0131, 96
1310, 22
1311, 53
1312, 73
1313, 89
1314, 98
1315, 01
1316, 99
1317, 00
1318, 85
1319, 68
0132, 09
1320, 71
1321, 61
1322, 71
1323, 15
1324, 97
1325, 20
1326, 20
1327, 91
1328, 57
1329, 79
0133, 85
1330, 20
1331, 27
1332, 51
1333, 66
1334, 63
1335, 31
1336, 93
1337, 02
1338, 30
1339, 66
0134, 94
1340, 90
1341, 60
1342, 97
1343, 72
1344, 34
1345, 06
1346, 31
1347, 31
1348, 86
1349, 56
0135, 13
1350, 58
1351, 86
1352, 50
1353, 33
1354, 30
1355, 74
1356, 76
1357, 40
1358, 60
1359, 32
0136, 04
1360, 52
1361, 38
1362, 27
1363, 11
1364, 05
1365, 03
1366, 23
1367, 77
1368, 91
1369, 99
0137, 57
1370, 62
1371, 61
1372, 55
1373, 17
1374, 24
1375, 23
1376, 96
1377, 80
1378, 50
1379, 35
0138, 01
1380, 80
1381, 99
1382, 55
1383, 67
1384, 45
1385, 90
1386, 60
1387, 69
1388, 09
1389, 97
0139, 38
1390, 60
1391, 38
1392, 49
1393, 72
1394, 24
1395, 92
1396, 75
1397, 86
1398, 50
1399, 27
0014, 47
0140, 67
1400, 38
1401, 98
1402, 19
1403, 06
1404, 35
1405, 97
1406, 40
1407, 39
1408, 88
1409, 67
0141, 09
1410, 71
1411, 79
1412, 35
1413, 09
1414, 21
1415, 34
1416, 55
1417, 69
1418, 69
1419, 86
0142, 98
1420, 87
1421, 27
1422, 35
1423, 37
1424, 60
1425, 84
1426, 33
1427, 10
1428, 38
1429, 18
0143, 19
1430, 33
1431, 63
1432, 25
1433, 30
1434, 42
1435, 72
1436, 04
1437, 24
1438, 47
1439, 87
0144, 91
1440, 27
1441, 71
1442, 72
1443, 18
1444, 54
1445, 80
1446, 04
1447, 28
1448, 79
1449, 78
0145, 38
1450, 25
1451, 52
1452, 70
1453, 48
1454, 22
1455, 19
1456, 96
1457, 06
1458, 00
1459, 94
0146, 27
1460, 60
1461, 63
1462, 04
1463, 04
1464, 74
1465, 31
1466, 07
1467, 04
1468, 04
1469, 46
0147, 46
1470, 84
1471, 15
1472, 39
1473, 66
1474, 92
1475, 60
1476, 29
1477, 05
1478, 41
1479, 27
0148, 07
1480, 96
1481, 23
1482, 39
1483, 35
1484, 25
1485, 40
1486, 61
1487, 84
1488, 08
1489, 17
0149, 66
1490, 26
1491, 63
1492, 79
1493, 15
1494, 65
1495, 35
1496, 65
1497, 91
1498, 84
1499, 24
0015, 96
0150, 82
1500, 05
1501, 95
1502, 68
1503, 26
1504, 32
1505, 07
1506, 96
1507, 88
1508, 70
1509, 55
0151, 83
1510, 16
1511, 04
1512, 36
1513, 26
1514, 95
1515, 86
1516, 53
1517, 30
1518, 14
1519, 55
0152, 97
1520, 12
1521, 74
1522, 92
1523, 79
1524, 71
1525, 43
1526, 23
1527, 55
1528, 54
1529, 33
0153, 66
1530, 45
1531, 69
1532, 64
1533, 78
1534, 85
1535, 61
1536, 31
1537, 95
1538, 63
1539, 29
0154, 03
1540, 19
1541, 74
1542, 18
1543, 03
1544, 10
1545, 63
1546, 23
1547, 87
1548, 30
1549, 79
0155, 08
1550, 88
1551, 25
1552, 84
1553, 80
1554, 21
1555, 62
1556, 12
1557, 87
1558, 47
1559, 99
0156, 49
1560, 90
1561, 18
1562, 60
1563, 50
1564, 66
1565, 77
1566, 62
1567, 42
1568, 42
1569, 87
0157, 27
1570, 88
1571, 63
1572, 09
1573, 28
1574, 48
1575, 41
1576, 39
1577, 14
1578, 70
1579, 38
0158, 55
1580, 50
1581, 07
1582, 50
1583, 16
1584, 91
1585, 87
1586, 18
1587, 11
1588, 86
1589, 31
0159, 74
1590, 01
1591, 38
1592, 85
1593, 04
1594, 18
1595, 90
1596, 01
1597, 41
1598, 13
1599, 04
0016, 47
0160, 47
1600, 70
1601, 96
1602, 70
1603, 40
1604, 76
1605, 72
1606, 67
1607, 79
1608, 61
1609, 71
0161, 28
1610, 69
1611, 29
1612, 03
1613, 38
1614, 42
1615, 67
1616, 55
1617, 17
1618, 45
1619, 12
0162, 63
1620, 69
1621, 31
1622, 32
1623, 18
1624, 51
1625, 50
1626, 78
1627, 96
1628, 83
1629, 39
0163, 74
1630, 78
1631, 50
1632, 70
1633, 79
1634, 45
1635, 54
1636, 43
1637, 72
1638, 79
1639, 08
0164, 34
1640, 28
1641, 94
1642, 95
1643, 85
1644, 60
1645, 93
1646, 05
1647, 22
1648, 65
1649, 12
0165, 58
1650, 59
1651, 67
1652, 89
1653, 01
1654, 67
1655, 37
1656, 76
1657, 47
1658, 14
1659, 73
0166, 08
1660, 41
1661, 33
1662, 76
1663, 30
1664, 18
1665, 21
1666, 81
1667, 05
1668, 05
1669, 85
0167, 73
1670, 97
1671, 37
1672, 20
1673, 71
1674, 70
1675, 15
1676, 74
1677, 67
1678, 36
1679, 45
0168, 12
1680, 38
1681, 38
1682, 18
1683, 18
1684, 91
1685, 29
1686, 74
1687, 67
1688, 46
1689, 77
0169, 25
1690, 06
1691, 46
1692, 57
1693, 81
1694, 88
1695, 91
1696, 73
1697, 33
1698, 20
1699, 71
0017, 73
0170, 74
1700, 75
1701, 91
1702, 39
1703, 30
1704, 31
1705, 34
1706, 60
1707, 79
1708, 90
1709, 45
0171, 48
1710, 40
1711, 63
1712, 32
1713, 63
1714, 09
1715, 72
1716, 72
1717, 09
1718, 22
1719, 01
0172, 46
1720, 60
1721, 19
1722, 66
1723, 88
1724, 79
1725, 72
1726, 49
1727, 87
1728, 57
1729, 24
0173, 75
1730, 38
1731, 59
1732, 97
1733, 08
1734, 15
1735, 96
1736, 41
1737, 76
1738, 33
1739, 76
0174, 88
1740, 04
1741, 54
1742, 80
1743, 47
1744, 41
1745, 23
1746, 71
1747, 28
1748, 77
1749, 96
0175, 21
1750, 10
1751, 97
1752, 61
1753, 56
1754, 63
1755, 36
1756, 28
1757, 35
1758, 32
1759, 12
0176, 39
1760, 26
1761, 18
1762, 85
1763, 66
1764, 59
1765, 01
1766, 59
1767, 69
1768, 09
1769, 43
0177, 29
1770, 04
1771, 07
1772, 47
1773, 87
1774, 61
1775, 35
1776, 87
1777, 80
1778, 70
1779, 74
0178, 67
1780, 04
1781, 70
1782, 76
1783, 16
1784, 04
1785, 02
1786, 55
1787, 14
1788, 21
1789, 14
0179, 32
1790, 12
1791, 19
1792, 69
1793, 30
1794, 43
1795, 28
1796, 75
1797, 94
1798, 42
1799, 72
0018, 91
0180, 27
1800, 27
1801, 79
1802, 30
1803, 81
1804, 42
1805, 62
1806, 18
1807, 27
1808, 35
1809, 99
0181, 85
1810, 04
1811, 71
1812, 85
1813, 72
1814, 59
1815, 10
1816, 30
1817, 64
1818, 67
1819, 32
0182, 93
1820, 32
1821, 64
1822, 80
1823, 21
1824, 17
1825, 35
1826, 45
1827, 41
1828, 50
1829, 71
0183, 40
1830, 00
1831, 18
1832, 40
1833, 68
1834, 06
1835, 33
1836, 26
1837, 74
1838, 28
1839, 68
0184, 33
1840, 79
1841, 91
1842, 54
1843, 94
1844, 72
1845, 96
1846, 28
1847, 27
1848, 83
1849, 04
0185, 22
1850, 50
1851, 30
1852, 79
1853, 55
1854, 76
1855, 30
1856, 38
1857, 10
1858, 53
1859, 52
0186, 20
1860, 38
1861, 76
1862, 99
1863, 15
1864, 65
1865, 30
1866, 72
1867, 40
1868, 39
1869, 00
0187, 86
1870, 70
1871, 43
1872, 26
1873, 20
1874, 95
1875, 82
1876, 51
1877, 73
1878, 61
1879, 35
0188, 26
1880, 29
1881, 56
1882, 71
1883, 90
1884, 79
1885, 96
1886, 79
1887, 97
1888, 33
1889, 67
0189, 18
1890, 63
1891, 18
1892, 18
1893, 86
1894, 60
1895, 46
1896, 60
1897, 93
1898, 19
1899, 39
0019, 26
0190, 99
1900, 63
1901, 19
1902, 82
1903, 24
1904, 20
1905, 44
1906, 55
1907, 25
1908, 14
1909, 81
0191, 11
1910, 27
1911, 11
1912, 47
1913, 17
1914, 68
1915, 56
1916, 89
1917, 54
1918, 80
1919, 46
0192, 67
1920, 90
1921, 52
1922, 79
1923, 33
1924, 61
1925, 91
1926, 22
1927, 15
1928, 49
1929, 74
0193, 82
1930, 72
1931, 05
1932, 81
1933, 14
1934, 71
1935, 85
1936, 58
1937, 16
1938, 70
1939, 53
0194, 23
1940, 81
1941, 05
1942, 97
1943, 71
1944, 99
1945, 26
1946, 46
1947, 91
1948, 46
1949, 33
0195, 34
1950, 04
1951, 70
1952, 57
1953, 00
1954, 04
1955, 42
1956, 12
1957, 73
1958, 74
1959, 60
0196, 43
1960, 90
1961, 46
1962, 31
1963, 44
1964, 18
1965, 17
1966, 51
1967, 08
1968, 12
1969, 22
0197, 60
1970, 71
1971, 08
1972, 35
1973, 74
1974, 16
1975, 09
1976, 90
1977, 94
1978, 71
1979, 00
0198, 06
1980, 94
1981, 73
1982, 73
1983, 26
1984, 89
1985, 74
1986, 73
1987, 38
1988, 57
1989, 08
0199, 43
1990, 81
1991, 97
1992, 91
1993, 38
1994, 21
1995, 60
1996, 22
1997, 81
1998, 77
1999, 42
0002, 42
0020, 50
0200, 76
2000, 71
2001, 21
2002, 50
2003, 46
2004, 91
2005, 90
2006, 27
2007, 09
2008, 66
2009, 37
0201, 54
2010, 69
2011, 27
2012, 79
2013, 27
2014, 73
2015, 71
2016, 70
2017, 35
2018, 67
2019, 58
0202, 84
2020, 83
2021, 86
2022, 55
2023, 18
2024, 21
2025, 77
2026, 19
2027, 97
2028, 91
2029, 85
0203, 90
2030, 79
2031, 14
2032, 04
2033, 44
2034, 12
2035, 02
2036, 63
2037, 42
2038, 59
2039, 09
0204, 93
2040, 84
2041, 97
2042, 10
2043, 87
2044, 45
2045, 73
2046, 02
2047, 97
2048, 17
2049, 42
0205, 55
2050, 79
2051, 16
2052, 64
2053, 00
2054, 53
2055, 27
2056, 06
2057, 56
2058, 91
2059, 13
0206, 10
2060, 12
2061, 67
2062, 24
2063, 57
2064, 50
2065, 63
2066, 98
2067, 81
2068, 02
2069, 23
0207, 55
2070, 03
2071, 79
2072, 77
2073, 49
2074, 89
2075, 44
2076, 24
2077, 48
2078, 00
2079, 63
0208, 00
2080, 97
2081, 56
2082, 04
2083, 45
2084, 57
2085, 49
2086, 88
2087, 33
2088, 19
2089, 95
0209, 15
2090, 64
2091, 54
2092, 91
2093, 96
2094, 05
2095, 21
2096, 96
2097, 97
2098, 38
2099, 70
0021, 50
0210, 46
2100, 06
2101, 94
2102, 97
2103, 73
2104, 99
2105, 33
2106, 58
2107, 84
2108, 94
2109, 97
0211, 18
2110, 72
2111, 41
2112, 75
2113, 04
2114, 55
2115, 07
2116, 71
2117, 67
2118, 24
2119, 47
0212, 64
2120, 55
2121, 10
2122, 88
2123, 65
2124, 73
2125, 66
2126, 79
2127, 09
2128, 27
2129, 46
0213, 70
2130, 64
2131, 81
2132, 41
2133, 38
2134, 24
2135, 87
2136, 62
2137, 11
2138, 52
2139, 68
0214, 79
2140, 91
2141, 11
2142, 14
2143, 56
2144, 63
2145, 60
2146, 24
2147, 04
2148, 12
2149, 60
0215, 90
2150, 61
2151, 07
2152, 71
2153, 80
2154, 73
2155, 50
2156, 63
2157, 96
2158, 01
2159, 97
0216, 35
2160, 00
2161, 94
2162, 39
2163, 90
2164, 87
2165, 73
2166, 62
2167, 39
2168, 92
2169, 43
0217, 86
2170, 84
2171, 27
2172, 79
2173, 46
2174, 68
2175, 20
2176, 04
2177, 41
2178, 12
2179, 19
0218, 81
2180, 03
2181, 35
2182, 67
2183, 73
2184, 55
2185, 56
2186, 27
2187, 54
2188, 55
2189, 67
0219, 15
2190, 68
2191, 92
2192, 70
2193, 79
2194, 76
2195, 32
2196, 73
2197, 72
2198, 84
2199, 28
0022, 45
0220, 36
2200, 07
2201, 17
2202, 29
2203, 06
2204, 73
2205, 43
2206, 40
2207, 46
2208, 51
2209, 91
0221, 73
2210, 92
2211, 11
2212, 70
2213, 46
2214, 60
2215, 05
2216, 74
2217, 37
2218, 26
2219, 51
0222, 62
2220, 12
2221, 04
2222, 32
2223, 03
2224, 17
2225, 20
2226, 71
2227, 61
2228, 55
2229, 05
0223, 42
2230, 50
2231, 68
2232, 50
2233, 66
2234, 29
2235, 65
2236, 76
2237, 25
2238, 71
2239, 55
0224, 03
2240, 37
2241, 63
2242, 04
2243, 96
2244, 50
2245, 94
2246, 50
2247, 30
2248, 64
2249, 32
0225, 02
2250, 19
2251, 14
2252, 39
2253, 52
2254, 52
2255, 32
2256, 38
2257, 73
2258, 60
2259, 55
0226, 24
2260, 47
2261, 46
2262, 76
2263, 73
2264, 76
2265, 84
2266, 27
2267, 21
2268, 73
2269, 67
0227, 27
2270, 22
2271, 00
2272, 69
2273, 36
2274, 56
2275, 53
2276, 74
2277, 00
2278, 28
2279, 38
0228, 67
2280, 96
2281, 95
2282, 88
2283, 23
2284, 58
2285, 99
2286, 74
2287, 09
2288, 01
2289, 96
0229, 07
2290, 09
2291, 79
2292, 90
2293, 23
2294, 28
2295, 05
2296, 63
2297, 65
2298, 59
2299, 59
0023, 12
0230, 27
2300, 06
2301, 71
2302, 33
2303, 35
2304, 90
2305, 62
2306, 30
2307, 27
2308, 85
2309, 48
0231, 96
2310, 23
2311, 83
2312, 49
2313, 09
2314, 04
2315, 20
2316, 11
2317, 04
2318, 38
2319, 30
0232, 76
2320, 87
2321, 80
2322, 78
2323, 30
2324, 84
2325, 96
2326, 32
2327, 56
2328, 45
2329, 27
0233, 46
2330, 59
2331, 55
2332, 63
2333, 41
2334, 50
2335, 38
2336, 95
2337, 41
2338, 48
2339, 89
0234, 40
2340, 27
2341, 34
2342, 78
2343, 26
2344, 27
2345, 80
2346, 45
2347, 42
2348, 48
2349, 46
0235, 57
2350, 44
2351, 23
2352, 97
2353, 73
2354, 68
2355, 35
2356, 95
2357, 79
2358, 09
2359, 74
0236, 57
2360, 07
2361, 21
2362, 79
2363, 51
2364, 99
2365, 00
2366, 66
2367, 94
2368, 82
2369, 31
0237, 07
2370, 60
2371, 31
2372, 18
2373, 49
2374, 76
2375, 75
2376, 21
2377, 04
2378, 90
2379, 96
0238, 97
2380, 01
2381, 04
2382, 60
2383, 09
2384, 66
2385, 45
2386, 57
2387, 50
2388, 10
2389, 49
0239, 31
2390, 87
2391, 42
2392, 44
2393, 27
2394, 12
2395, 82
2396, 49
2397, 18
2398, 56
2399, 05
0024, 31
0240, 32
2400, 38
2401, 88
2402, 72
2403, 65
2404, 80
2405, 82
2406, 69
2407, 63
2408, 44
2409, 45
0241, 71
2410, 69
2411, 05
2412, 62
2413, 67
2414, 38
2415, 38
2416, 96
2417, 07
2418, 68
2419, 05
0242, 57
2420, 74
2421, 38
2422, 95
2423, 39
2424, 04
2425, 08
2426, 86
2427, 70
2428, 70
2429, 08
0243, 11
2430, 84
2431, 55
2432, 12
2433, 79
2434, 88
2435, 50
2436, 14
2437, 77
2438, 69
2439, 06
0244, 63
2440, 16
2441, 96
2442, 82
2443, 56
2444, 97
2445, 46
2446, 68
2447, 59
2448, 21
2449, 39
0245, 68
2450, 50
2451, 96
2452, 55
2453, 80
2454, 97
2455, 26
2456, 41
2457, 96
2458, 40
2459, 74
0246, 02
2460, 12
2461, 88
2462, 33
2463, 35
2464, 82
2465, 18
2466, 18
2467, 57
2468, 73
2469, 39
0247, 04
2470, 37
2471, 77
2472, 12
2473, 96
2474, 81
2475, 60
2476, 49
2477, 79
2478, 79
2479, 68
0248, 24
2480, 18
2481, 49
2482, 43
2483, 98
2484, 76
2485, 32
2486, 75
2487, 38
2488, 50
2489, 03
0249, 86
2490, 16
2491, 93
2492, 96
2493, 96
2494, 52
2495, 66
2496, 75
2497, 18
2498, 23
2499, 93
0025, 02
0250, 39
2500, 23
2501, 12
2502, 56
2503, 35
2504, 27
2505, 87
2506, 01
2507, 42
2508, 67
2509, 65
0251, 90
2510, 71
2511, 02
2512, 79
2513, 66
2514, 68
2515, 45
2516, 84
2517, 79
2518, 67
2519, 01
0252, 32
2520, 52
2521, 56
2522, 69
2523, 36
2524, 61
2525, 33
2526, 70
2527, 55
2528, 13
2529, 67
0253, 96
2530, 36
2531, 12
2532, 57
2533, 04
2534, 06
2535, 39
2536, 19
2537, 55
2538, 60
2539, 35
0254, 76
2540, 30
2541, 60
2542, 16
2543, 14
2544, 35
2545, 59
2546, 04
2547, 50
2548, 05
2549, 65
0255, 51
2550, 61
2551, 04
2552, 60
2553, 60
2554, 03
2555, 84
2556, 41
2557, 56
2558, 99
2559, 98
0256, 99
2560, 80
2561, 70
2562, 40
2563, 51
2564, 65
2565, 27
2566, 26
2567, 58
2568, 01
2569, 72
0257, 50
2570, 62
2571, 67
2572, 33
2573, 82
2574, 07
2575, 11
2576, 28
2577, 67
2578, 04
2579, 06
0258, 77
2580, 35
2581, 66
2582, 09
2583, 43
2584, 38
2585, 73
2586, 41
2587, 56
2588, 97
2589, 07
0259, 97
2590, 70
2591, 07
2592, 09
2593, 18
2594, 18
2595, 63
2596, 05
2597, 57
2598, 76
2599, 17
0026, 48
0260, 73
2600, 30
2601, 51
2602, 42
2603, 29
2604, 27
2605, 08
2606, 36
2607, 96
2608, 73
2609, 83
0261, 75
2610, 21
2611, 02
2612, 31
2613, 03
2614, 20
2615, 23
2616, 24
2617, 96
2618, 45
2619, 15
0262, 15
2620, 37
2621, 46
2622, 97
2623, 92
2624, 53
2625, 27
2626, 76
2627, 45
2628, 57
2629, 38
0263, 64
2630, 67
2631, 12
2632, 84
2633, 86
2634, 99
2635, 90
2636, 33
2637, 16
2638, 48
2639, 49
0264, 96
2640, 86
2641, 35
2642, 82
2643, 61
2644, 72
2645, 76
2646, 94
2647, 50
2648, 85
2649, 88
0265, 37
2650, 42
2651, 04
2652, 18
2653, 63
2654, 79
2655, 40
2656, 96
2657, 72
2658, 27
2659, 08
0266, 04
2660, 33
2661, 23
2662, 20
2663, 00
2664, 90
2665, 75
2666, 18
2667, 55
2668, 79
2669, 11
0267, 34
2670, 00
2671, 73
2672, 55
2673, 15
2674, 25
2675, 27
2676, 71
2677, 00
2678, 83
2679, 17
0268, 96
2680, 90
2681, 32
2682, 34
2683, 50
2684, 75
2685, 73
2686, 80
2687, 70
2688, 99
2689, 64
0269, 70
2690, 01
2691, 31
2692, 18
2693, 18
2694, 09
2695, 94
2696, 44
2697, 79
2698, 09
2699, 99
0027, 70
0270, 78
2700, 67
2701, 73
2702, 23
2703, 67
2704, 04
2705, 49
2706, 59
2707, 85
2708, 30
2709, 59
0271, 35
2710, 52
2711, 30
2712, 43
2713, 57
2714, 27
2715, 72
2716, 10
2717, 02
2718, 31
2719, 15
0272, 55
2720, 38
2721, 42
2722, 64
2723, 58
2724, 46
2725, 17
2726, 79
2727, 05
2728, 04
2729, 04
0273, 61
2730, 60
2731, 28
2732, 45
2733, 04
2734, 54
2735, 46
2736, 04
2737, 14
2738, 05
2739, 23
0274, 68
2740, 71
2741, 04
2742, 04
2743, 01
2744, 64
2745, 74
2746, 57
2747, 22
2748, 50
2749, 90
0275, 53
2750, 91
2751, 53
2752, 54
2753, 27
2754, 72
2755, 28
2756, 06
2757, 25
2758, 46
2759, 20
0276, 78
2760, 94
2761, 23
2762, 45
2763, 21
2764, 96
2765, 71
2766, 54
2767, 77
2768, 80
2769, 87
0277, 72
2770, 68
2771, 27
2772, 33
2773, 04
2774, 05
2775, 48
2776, 10
2777, 90
2778, 31
2779, 91
0278, 04
2780, 21
2781, 74
2782, 26
2783, 73
2784, 12
2785, 47
2786, 35
2787, 97
2788, 25
2789, 35
0279, 23
2790, 72
2791, 15
2792, 80
2793, 02
2794, 76
2795, 67
2796, 25
2797, 88
2798, 06
2799, 69
0028, 76
0280, 03
2800, 63
2801, 34
2802, 94
2803, 99
2804, 98
2805, 55
2806, 08
2807, 60
2808, 20
2809, 79
0281, 27
2810, 16
2811, 72
2812, 36
2813, 34
2814, 75
2815, 96
2816, 40
2817, 87
2818, 75
2819, 21
0282, 51
2820, 24
2821, 69
2822, 64
2823, 56
2824, 08
2825, 78
2826, 50
2827, 08
2828, 41
2829, 25
0283, 51
2830, 95
2831, 99
2832, 28
2833, 55
2834, 73
2835, 14
2836, 58
2837, 85
2838, 33
2839, 56
0284, 60
2840, 27
2841, 10
2842, 50
2843, 49
2844, 42
2845, 60
2846, 76
2847, 51
2848, 59
2849, 23
0285, 55
2850, 62
2851, 17
2852, 75
2853, 24
2854, 55
2855, 34
2856, 40
2857, 83
2858, 15
2859, 50
0286, 04
2860, 85
2861, 45
2862, 97
2863, 59
2864, 27
2865, 58
2866, 11
2867, 36
2868, 86
2869, 04
0287, 08
2870, 67
2871, 30
2872, 71
2873, 74
2874, 84
2875, 74
2876, 92
2877, 07
2878, 38
2879, 39
0288, 70
2880, 87
2881, 11
2882, 44
2883, 74
2884, 46
2885, 49
2886, 79
2887, 36
2888, 32
2889, 90
0289, 30
2890, 76
2891, 44
2892, 82
2893, 73
2894, 78
2895, 81
2896, 15
2897, 47
2898, 50
2899, 71
0029, 72
0290, 94
2900, 27
2901, 51
2902, 14
2903, 13
2904, 07
2905, 62
2906, 11
2907, 03
2908, 59
2909, 97
0291, 62
2910, 33
2911, 94
2912, 35
2913, 90
2914, 96
2915, 16
2916, 26
2917, 52
2918, 21
2919, 53
0292, 42
2920, 16
2921, 92
2922, 32
2923, 31
2924, 65
2925, 48
2926, 42
2927, 90
2928, 24
2929, 30
0293, 11
2930, 59
2931, 18
2932, 60
2933, 12
2934, 85
2935, 75
2936, 26
2937, 99
2938, 55
2939, 23
0294, 94
2940, 50
2941, 76
2942, 83
2943, 96
2944, 76
2945, 59
2946, 46
2947, 07
2948, 18
2949, 13
0295, 32
2950, 30
2951, 73
2952, 44
2953, 11
2954, 92
2955, 71
2956, 98
2957, 85
2958, 91
2959, 59
0296, 66
2960, 70
2961, 57
2962, 94
2963, 37
2964, 70
2965, 41
2966, 40
2967, 73
2968, 67
2969, 56
0297, 50
2970, 62
2971, 56
2972, 34
2973, 38
2974, 01
2975, 27
2976, 97
2977, 94
2978, 10
2979, 62
0298, 95
2980, 60
2981, 24
2982, 73
2983, 49
2984, 34
2985, 32
2986, 00
2987, 78
2988, 88
2989, 28
0299, 18
2990, 10
2991, 92
2992, 96
2993, 81
2994, 01
2995, 99
2996, 52
2997, 13
2998, 75
2999, 87
0003, 58
0030, 63
0300, 72
3000, 54
0301, 87
0302, 98
0303, 41
0304, 42
0305, 40
0306, 25
0307, 67
0308, 31
0309, 89
0031, 21
0310, 04
0311, 21
0312, 19
0313, 12
0314, 18
0315, 13
0316, 35
0317, 71
0318, 04
0319, 26
0032, 92
0320, 00
0321, 30
0322, 33
0323, 35
0324, 04
0325, 10
0326, 10
0327, 71
0328, 18
0329, 90
0033, 16
0330, 45
0331, 53
0332, 09
0333, 44
0334, 70
0335, 56
0336, 59
0337, 04
0338, 59
0339, 42
0034, 02
0340, 52
0341, 79
0342, 07
0343, 66
0344, 83
0345, 07
0346, 12
0347, 28
0348, 78
0349, 09
0035, 54
0350, 79
0351, 10
0352, 86
0353, 85
0354, 32
0355, 51
0356, 31
0357, 60
0358, 42
0359, 72
0036, 20
0360, 24
0361, 12
0362, 42
0363, 90
0364, 93
0365, 83
0366, 19
0367, 79
0368, 45
0369, 42
0037, 97
0370, 67
0371, 27
0372, 27
0373, 70
0374, 04
0375, 09
0376, 00
0377, 53
0378, 57
0379, 45
0038, 22
0380, 74
0381, 85
0382, 97
0383, 19
0384, 96
0385, 49
0386, 90
0387, 31
0388, 87
0389, 80
0039, 64
0390, 72
0391, 90
0392, 85
0393, 21
0394, 92
0395, 30
0396, 67
0397, 49
0398, 74
0399, 85
0004, 41
0040, 18
0400, 77
0401, 11
0402, 42
0403, 22
0404, 70
0405, 30
0406, 34
0407, 79
0408, 55
0409, 17
0041, 37
0410, 56
0411, 10
0412, 78
0413, 67
0414, 96
0415, 38
0416, 39
0417, 24
0418, 86
0419, 28
0042, 28
0420, 01
0421, 47
0422, 56
0423, 95
0424, 97
0425, 10
0426, 60
0427, 79
0428, 04
0429, 77
0043, 43
0430, 04
0431, 48
0432, 17
0433, 58
0434, 21
0435, 94
0436, 85
0437, 38
0438, 30
0439, 72
0044, 81
0440, 78
0441, 19
0442, 13
0443, 27
0444, 27
0445, 08
0446, 35
0447, 74
0448, 69
0449, 65
0045, 33
0450, 33
0451, 30
0452, 27
0453, 55
0454, 21
0455, 23
0456, 22
0457, 19
0458, 90
0459, 59
0046, 82
0460, 79
0461, 33
0462, 83
0463, 95
0464, 63
0465, 77
0466, 81
0467, 60
0468, 78
0469, 69
0047, 25
0470, 89
0471, 55
0472, 72
0473, 00
0474, 80
0475, 36
0476, 85
0477, 74
0478, 45
0479, 75
0048, 04
0480, 14
0481, 28
0482, 38
0483, 11
0484, 97
0485, 11
0486, 05
0487, 27
0488, 19
0489, 18
0049, 90
0490, 55
0491, 60
0492, 97
0493, 27
0494, 44
0495, 00
0496, 40
0497, 98
0498, 93
0499, 10
0005, 60
0050, 09
0500, 83
0501, 12
0502, 37
0503, 82
0504, 27
0505, 46
0506, 70
0507, 48
0508, 31
0509, 31
0051, 71
0510, 55
0511, 03
0512, 19
0513, 65
0514, 23
0515, 16
0516, 52
0517, 81
0518, 70
0519, 46
0052, 47
0520, 95
0521, 33
0522, 74
0523, 40
0524, 38
0525, 96
0526, 14
0527, 29
0528, 96
0529, 72
0053, 42
0530, 94
0531, 35
0532, 05
0533, 24
0534, 42
0535, 55
0536, 02
0537, 26
0538, 97
0539, 79
0054, 12
0540, 91
0541, 96
0542, 37
0543, 84
0544, 87
0545, 36
0546, 04
0547, 64
0548, 96
0549, 71
0055, 26
0550, 04
0551, 85
0552, 74
0553, 74
0554, 60
0555, 89
0556, 27
0557, 63
0558, 24
0559, 55
0056, 74
0560, 01
0561, 27
0562, 44
0563, 17
0564, 27
0565, 23
0566, 45
0567, 60
0568, 37
0569, 56
0057, 63
0570, 92
0571, 04
0572, 85
0573, 48
0574, 18
0575, 08
0576, 38
0577, 58
0578, 97
0579, 58
0058, 41
0580, 23
0581, 10
0582, 14
0583, 66
0584, 79
0585, 67
0586, 14
0587, 35
0588, 66
0589, 51
0059, 23
0590, 71
0591, 58
0592, 05
0593, 44
0594, 27
0595, 33
0596, 50
0597, 45
0598, 10
0599, 03
0006, 60
0060, 44
0600, 96
0601, 22
0602, 95
0603, 16
0604, 27
0605, 08
0606, 63
0607, 76
0608, 06
0609, 44
0061, 04
0610, 16
0611, 45
0612, 17
0613, 20
0614, 93
0615, 15
0616, 04
0617, 71
0618, 04
0619, 50
0062, 77
0620, 19
0621, 36
0622, 47
0623, 50
0624, 10
0625, 62
0626, 90
0627, 34
0628, 05
0629, 07
0063, 75
0630, 69
0631, 46
0632, 12
0633, 70
0634, 63
0635, 70
0636, 68
0637, 00
0638, 73
0639, 20
0064, 10
0640, 72
0641, 04
0642, 44
0643, 12
0644, 64
0645, 91
0646, 06
0647, 06
0648, 02
0649, 07
0065, 72
0650, 45
0651, 27
0652, 83
0653, 65
0654, 07
0655, 27
0656, 40
0657, 69
0658, 06
0659, 73
0066, 23
0660, 31
0661, 17
0662, 41
0663, 32
0664, 12
0665, 67
0666, 71
0667, 96
0668, 97
0669, 08
0067, 93
0670, 18
0671, 41
0672, 23
0673, 37
0674, 82
0675, 25
0676, 27
0677, 23
0678, 51
0679, 16
0068, 51
0680, 14
0681, 08
0682, 06
0683, 38
0684, 07
0685, 32
0686, 77
0687, 79
0688, 27
0689, 77
0069, 01
0690, 85
0691, 38
0692, 81
0693, 56
0694, 69
0695, 96
0696, 35
0697, 73
0698, 54
0699, 84
0007, 07
0070, 06
0700, 64
0701, 05
0702, 17
0703, 15
0704, 03
0705, 26
0706, 28
0707, 15
0708, 18
0709, 68
0071, 35
0710, 28
0711, 31
0712, 50
0713, 58
0714, 18
0715, 01
0716, 65
0717, 94
0718, 50
0719, 74
0072, 26
0720, 18
0721, 81
0722, 07
0723, 48
0724, 04
0725, 99
0726, 27
0727, 83
0728, 23
0729, 80
0073, 32
0730, 63
0731, 89
0732, 79
0733, 27
0734, 38
0735, 28
0736, 21
0737, 94
0738, 35
0739, 84
0074, 20
0740, 96
0741, 70
0742, 66
0743, 33
0744, 26
0745, 50
0746, 90
0747, 97
0748, 18
0749, 99
0075, 50
0750, 92
0751, 20
0752, 18
0753, 27
0754, 41
0755, 66
0756, 55
0757, 50
0758, 91
0759, 63
0076, 79
0760, 10
0761, 06
0762, 90
0763, 12
0764, 10
0765, 38
0766, 87
0767, 17
0768, 47
0769, 59
0077, 09
0770, 52
0771, 33
0772, 86
0773, 61
0774, 08
0775, 60
0776, 54
0777, 96
0778, 72
0779, 00
0078, 24
0780, 55
0781, 96
0782, 83
0783, 64
0784, 84
0785, 67
0786, 77
0787, 96
0788, 07
0789, 29
0079, 31
0790, 76
0791, 55
0792, 29
0793, 41
0794, 66
0795, 61
0796, 03
0797, 33
0798, 13
0799, 01
0008, 35
0080, 42
0800, 63
0801, 67
0802, 55
0803, 68
0804, 30
0805, 44
0806, 30
0807, 64
0808, 59
0809, 23
0081, 60
0810, 81
0811, 35
0812, 90
0813, 74
0814, 29
0815, 52
0816, 95
0817, 27
0818, 09
0819, 74
0082, 98
0820, 98
0821, 44
0822, 46
0823, 22
0824, 37
0825, 33
0826, 25
0827, 90
0828, 90
0829, 46
0083, 00
0830, 23
0831, 11
0832, 24
0833, 39
0834, 53
0835, 51
0836, 20
0837, 52
0838, 51
0839, 73
0084, 46
0840, 98
0841, 86
0842, 92
0843, 45
0844, 42
0845, 06
0846, 74
0847, 96
0848, 03
0849, 12
0085, 99
0850, 73
0851, 55
0852, 90
0853, 02
0854, 97
0855, 70
0856, 18
0857, 49
0858, 87
0859, 38
0086, 68
0860, 02
0861, 70
0862, 18
0863, 46
0864, 04
0865, 48
0866, 82
0867, 82
0868, 64
0869, 86
0087, 10
0870, 76
0871, 63
0872, 20
0873, 97
0874, 39
0875, 30
0876, 60
0877, 14
0878, 71
0879, 42
0088, 42
0880, 91
0881, 09
0882, 66
0883, 77
0884, 70
0885, 94
0886, 48
0887, 93
0888, 96
0889, 47
0089, 21
0890, 36
0891, 23
0892, 67
0893, 08
0894, 74
0895, 07
0896, 27
0897, 67
0898, 81
0899, 12
0009, 96
0090, 32
0900, 96
0901, 36
0902, 33
0903, 65
0904, 85
0905, 52
0906, 90
0907, 21
0908, 12
0909, 85
0091, 62
0910, 76
0911, 59
0912, 91
0913, 17
0914, 88
0915, 65
0916, 67
0917, 58
0918, 18
0919, 35
0092, 73
0920, 71
0921, 04
0922, 11
0923, 81
0924, 79
0925, 51
0926, 30
0927, 90
0928, 06
0929, 09
0093, 03
0930, 10
0931, 68
0932, 87
0933, 69
0934, 03
0935, 58
0936, 38
0937, 01
0938, 67
0939, 21
0094, 22
0940, 16
0941, 25
0942, 99
0943, 60
0944, 27
0945, 38
0946, 13
0947, 04
0948, 74
0949, 57
0095, 18
0950, 10
0951, 26
0952, 90
0953, 14
0954, 20
0955, 29
0956, 38
0957, 48
0958, 57
0959, 30
0096, 97
0960, 96
0961, 17
0962, 30
0963, 85
0964, 31
0965, 95
0966, 69
0967, 75
0968, 60
0969, 79
0097, 25
0970, 07
0971, 84
0972, 81
0973, 56
0974, 16
0975, 73
0976, 71
0977, 25
0978, 92
0979, 72
0098, 21
0980, 66
0981, 63
0982, 94
0983, 11
0984, 04
0985, 24
0986, 08
0987, 68
0988, 90
0989, 06
0099, 84
0990, 10
0991, 25
0992, 03
0993, 09
0994, 29
0995, 07
0996, 08
0997, 46
0998, 26
0999, 70