number, label
0001, 70
0010, 35
0100, 06
1000, 95
1001, 06
1002, 73
1003, 70
1004, 89
1005, 63
1006, 87
1007, 74
1008, 20
1009, 62
0101, 79
1010, 25
1011, 71
1012, 85
1013, 27
1014, 23
1015, 61
1016, 11
1017, 52
1018, 94
1019, 33
0102, 50
1020, 26
1021, 38
1022, 91
1023, 18
1024, 19
1025, 64
1026, 39
1027, 60
1028, 25
1029, 33
0103, 30
1030, 96
1031, 60
1032, 41
1033, 33
1034, 96
1035, 55
1036, 88
1037, 78
1038, 08
1039, 63
0104, 06
1040, 24
1041, 36
1042, 06
1043, 35
1044, 55
1045, 73
1046, 29
1047, 07
1048, 86
1049, 66
0105, 33
1050, 08
1051, 65
1052, 91
1053, 58
1054, 35
1055, 25
1056, 89
1057, 76
1058, 96
1059, 82
0106, 39
1060, 08
1061, 41
1062, 55
1063, 82
1064, 98
1065, 55
1066, 81
1067, 73
1068, 68
1069, 55
0107, 99
1070, 06
1071, 36
1072, 04
1073, 52
1074, 71
1075, 49
1076, 27
1077, 08
1078, 90
1079, 60
0108, 69
1080, 56
1081, 38
1082, 90
1083, 73
1084, 94
1085, 05
1086, 12
1087, 27
1088, 07
1089, 72
0109, 19
1090, 85
1091, 46
1092, 50
1093, 11
1094, 41
1095, 79
1096, 80
1097, 70
1098, 49
1099, 19
0011, 32
0110, 83
1100, 54
1101, 67
1102, 55
1103, 97
1104, 08
1105, 27
1106, 27
1107, 40
1108, 49
1109, 23
0111, 13
1110, 79
1111, 94
1112, 66
1113, 61
1114, 60
1115, 16
1116, 38
1117, 77
1118, 22
1119, 94
0112, 12
1120, 93
1121, 61
1122, 69
1123, 73
1124, 26
1125, 96
1126, 04
1127, 70
1128, 77
1129, 85
0113, 39
1130, 96
1131, 51
1132, 46
1133, 29
1134, 04
1135, 96
1136, 76
1137, 81
1138, 62
1139, 99
0114, 64
1140, 94
1141, 13
1142, 97
1143, 41
1144, 09
1145, 85
1146, 15
1147, 27
1148, 10
1149, 16
0115, 60
1150, 41
1151, 56
1152, 59
1153, 27
1154, 27
1155, 85
1156, 86
1157, 40
1158, 17
1159, 38
0116, 71
1160, 85
1161, 25
1162, 97
1163, 97
1164, 27
1165, 55
1166, 41
1167, 52
1168, 50
1169, 87
0117, 55
1170, 04
1171, 03
1172, 26
1173, 27
1174, 96
1175, 21
1176, 26
1177, 79
1178, 08
1179, 24
0118, 47
1180, 53
1181, 33
1182, 24
1183, 61
1184, 26
1185, 06
1186, 94
1187, 61
1188, 27
1189, 05
0119, 59
1190, 62
1191, 96
1192, 86
1193, 99
1194, 29
1195, 25
1196, 23
1197, 52
1198, 03
1199, 14
0012, 64
0120, 27
1200, 68
1201, 36
1202, 18
1203, 55
1204, 04
1205, 23
1206, 26
1207, 40
1208, 84
1209, 37
0121, 10
1210, 43
1211, 57
1212, 20
1213, 79
1214, 65
1215, 89
1216, 23
1217, 18
1218, 47
1219, 02
0122, 11
1220, 42
1221, 71
1222, 21
1223, 44
1224, 18
1225, 12
1226, 40
1227, 69
1228, 27
1229, 60
0123, 68
1230, 18
1231, 57
1232, 77
1233, 28
1234, 21
1235, 17
1236, 94
1237, 31
1238, 97
1239, 60
0124, 74
1240, 76
1241, 90
1242, 35
1243, 48
1244, 20
1245, 50
1246, 52
1247, 88
1248, 34
1249, 43
0125, 65
1250, 17
1251, 96
1252, 59
1253, 95
1254, 12
1255, 35
1256, 99
1257, 15
1258, 32
1259, 19
0126, 22
1260, 27
1261, 02
1262, 65
1263, 58
1264, 75
1265, 29
1266, 58
1267, 48
1268, 15
1269, 59
0127, 04
1270, 94
1271, 69
1272, 55
1273, 49
1274, 27
1275, 19
1276, 75
1277, 76
1278, 23
1279, 59
0128, 17
1280, 56
1281, 82
1282, 63
1283, 74
1284, 65
1285, 95
1286, 90
1287, 37
1288, 66
1289, 44
0129, 23
1290, 34
1291, 32
1292, 67
1293, 73
1294, 18
1295, 17
1296, 30
1297, 89
1298, 41
1299, 60
0013, 30
0130, 93
1300, 71
1301, 73
1302, 32
1303, 38
1304, 65
1305, 09
1306, 41
1307, 09
1308, 09
1309, 17
0131, 96
1310, 22
1311, 34
1312, 35
1313, 17
1314, 98
1315, 01
1316, 99
1317, 00
1318, 85
1319, 68
0132, 09
1320, 71
1321, 61
1322, 71
1323, 15
1324, 42
1325, 20
1326, 20
1327, 95
1328, 57
1329, 79
0133, 27
1330, 20
1331, 78
1332, 51
1333, 66
1334, 63
1335, 31
1336, 93
1337, 35
1338, 38
1339, 66
0134, 94
1340, 68
1341, 60
1342, 38
1343, 95
1344, 34
1345, 62
1346, 31
1347, 31
1348, 86
1349, 56
0135, 81
1350, 58
1351, 86
1352, 38
1353, 82
1354, 30
1355, 74
1356, 76
1357, 40
1358, 37
1359, 92
0136, 33
1360, 52
1361, 65
1362, 27
1363, 72
1364, 20
1365, 04
1366, 49
1367, 77
1368, 91
1369, 99
0137, 57
1370, 62
1371, 61
1372, 04
1373, 17
1374, 24
1375, 23
1376, 96
1377, 97
1378, 50
1379, 35
0138, 01
1380, 97
1381, 99
1382, 50
1383, 86
1384, 45
1385, 13
1386, 60
1387, 69
1388, 09
1389, 97
0139, 04
1390, 60
1391, 38
1392, 34
1393, 93
1394, 07
1395, 92
1396, 75
1397, 86
1398, 64
1399, 27
0014, 47
0140, 67
1400, 80
1401, 35
1402, 19
1403, 06
1404, 35
1405, 97
1406, 40
1407, 23
1408, 10
1409, 67
0141, 09
1410, 71
1411, 97
1412, 98
1413, 09
1414, 98
1415, 34
1416, 38
1417, 69
1418, 69
1419, 86
0142, 57
1420, 87
1421, 91
1422, 35
1423, 47
1424, 60
1425, 84
1426, 18
1427, 10
1428, 29
1429, 18
0143, 19
1430, 33
1431, 63
1432, 85
1433, 30
1434, 63
1435, 12
1436, 42
1437, 24
1438, 62
1439, 94
0144, 30
1440, 55
1441, 71
1442, 72
1443, 09
1444, 70
1445, 65
1446, 91
1447, 28
1448, 45
1449, 99
0145, 38
1450, 25
1451, 52
1452, 92
1453, 48
1454, 22
1455, 19
1456, 96
1457, 04
1458, 00
1459, 94
0146, 27
1460, 82
1461, 63
1462, 38
1463, 63
1464, 74
1465, 66
1466, 74
1467, 50
1468, 55
1469, 46
0147, 02
1470, 95
1471, 43
1472, 39
1473, 66
1474, 70
1475, 49
1476, 29
1477, 25
1478, 41
1479, 55
0148, 07
1480, 96
1481, 23
1482, 39
1483, 98
1484, 25
1485, 86
1486, 22
1487, 84
1488, 42
1489, 17
0149, 66
1490, 26
1491, 63
1492, 65
1493, 49
1494, 65
1495, 35
1496, 65
1497, 91
1498, 84
1499, 24
0015, 96
0150, 82
1500, 05
1501, 73
1502, 68
1503, 26
1504, 32
1505, 07
1506, 31
1507, 88
1508, 70
1509, 55
0151, 00
1510, 16
1511, 55
1512, 36
1513, 10
1514, 95
1515, 86
1516, 53
1517, 30
1518, 04
1519, 80
0152, 27
1520, 12
1521, 74
1522, 92
1523, 18
1524, 71
1525, 43
1526, 23
1527, 55
1528, 54
1529, 33
0153, 66
1530, 45
1531, 69
1532, 64
1533, 78
1534, 85
1535, 53
1536, 15
1537, 95
1538, 63
1539, 29
0154, 03
1540, 19
1541, 04
1542, 01
1543, 43
1544, 63
1545, 42
1546, 23
1547, 87
1548, 93
1549, 79
0155, 08
1550, 88
1551, 05
1552, 84
1553, 80
1554, 21
1555, 07
1556, 12
1557, 81
1558, 47
1559, 78
0156, 49
1560, 90
1561, 18
1562, 60
1563, 50
1564, 66
1565, 92
1566, 70
1567, 42
1568, 63
1569, 87
0157, 27
1570, 88
1571, 31
1572, 09
1573, 28
1574, 48
1575, 41
1576, 14
1577, 55
1578, 70
1579, 27
0158, 79
1580, 74
1581, 24
1582, 50
1583, 16
1584, 91
1585, 87
1586, 83
1587, 11
1588, 02
1589, 31
0159, 74
1590, 33
1591, 38
1592, 85
1593, 04
1594, 18
1595, 63
1596, 01
1597, 41
1598, 13
1599, 04
0016, 47
0160, 47
1600, 70
1601, 96
1602, 54
1603, 86
1604, 76
1605, 34
1606, 95
1607, 79
1608, 61
1609, 71
0161, 10
1610, 85
1611, 29
1612, 03
1613, 38
1614, 42
1615, 70
1616, 33
1617, 17
1618, 84
1619, 17
0162, 63
1620, 69
1621, 38
1622, 72
1623, 79
1624, 18
1625, 50
1626, 78
1627, 31
1628, 57
1629, 39
0163, 79
1630, 78
1631, 50
1632, 70
1633, 79
1634, 54
1635, 51
1636, 43
1637, 72
1638, 84
1639, 08
0164, 34
1640, 28
1641, 94
1642, 95
1643, 12
1644, 60
1645, 93
1646, 05
1647, 22
1648, 65
1649, 12
0165, 58
1650, 59
1651, 45
1652, 89
1653, 04
1654, 26
1655, 96
1656, 76
1657, 63
1658, 14
1659, 91
0166, 34
1660, 41
1661, 76
1662, 40
1663, 30
1664, 18
1665, 21
1666, 81
1667, 05
1668, 05
1669, 85
0167, 73
1670, 97
1671, 37
1672, 20
1673, 71
1674, 62
1675, 15
1676, 93
1677, 99
1678, 36
1679, 70
0168, 12
1680, 38
1681, 99
1682, 18
1683, 50
1684, 01
1685, 29
1686, 80
1687, 67
1688, 65
1689, 50
0169, 99
1690, 42
1691, 46
1692, 57
1693, 81
1694, 88
1695, 91
1696, 73
1697, 33
1698, 20
1699, 60
0017, 73
0170, 74
1700, 75
1701, 91
1702, 39
1703, 38
1704, 29
1705, 34
1706, 17
1707, 18
1708, 90
1709, 26
0171, 48
1710, 95
1711, 63
1712, 32
1713, 04
1714, 09
1715, 34
1716, 74
1717, 09
1718, 22
1719, 01
0172, 46
1720, 60
1721, 19
1722, 66
1723, 88
1724, 44
1725, 67
1726, 49
1727, 87
1728, 18
1729, 91
0173, 75
1730, 63
1731, 96
1732, 97
1733, 08
1734, 15
1735, 96
1736, 41
1737, 76
1738, 33
1739, 76
0174, 38
1740, 04
1741, 54
1742, 80
1743, 47
1744, 41
1745, 23
1746, 71
1747, 28
1748, 79
1749, 33
0175, 21
1750, 77
1751, 97
1752, 61
1753, 56
1754, 63
1755, 36
1756, 28
1757, 35
1758, 32
1759, 68
0176, 39
1760, 39
1761, 44
1762, 85
1763, 66
1764, 59
1765, 01
1766, 59
1767, 69
1768, 69
1769, 43
0177, 29
1770, 72
1771, 07
1772, 47
1773, 87
1774, 61
1775, 02
1776, 87
1777, 01
1778, 14
1779, 55
0178, 67
1780, 88
1781, 92
1782, 76
1783, 16
1784, 04
1785, 11
1786, 72
1787, 14
1788, 21
1789, 14
0179, 32
1790, 12
1791, 19
1792, 69
1793, 93
1794, 43
1795, 28
1796, 27
1797, 94
1798, 42
1799, 55
0018, 32
0180, 27
1800, 30
1801, 79
1802, 30
1803, 81
1804, 42
1805, 62
1806, 84
1807, 90
1808, 55
1809, 99
0181, 27
1810, 04
1811, 37
1812, 85
1813, 28
1814, 59
1815, 10
1816, 30
1817, 64
1818, 53
1819, 32
0182, 04
1820, 01
1821, 64
1822, 76
1823, 21
1824, 17
1825, 35
1826, 48
1827, 41
1828, 80
1829, 71
0183, 45
1830, 00
1831, 18
1832, 67
1833, 68
1834, 06
1835, 73
1836, 26
1837, 74
1838, 28
1839, 68
0184, 60
1840, 79
1841, 54
1842, 54
1843, 76
1844, 67
1845, 47
1846, 28
1847, 30
1848, 83
1849, 04
0185, 22
1850, 72
1851, 30
1852, 79
1853, 55
1854, 76
1855, 30
1856, 79
1857, 04
1858, 53
1859, 47
0186, 20
1860, 38
1861, 76
1862, 99
1863, 15
1864, 32
1865, 30
1866, 55
1867, 40
1868, 39
1869, 00
0187, 86
1870, 70
1871, 43
1872, 41
1873, 20
1874, 30
1875, 82
1876, 51
1877, 44
1878, 61
1879, 35
0188, 93
1880, 29
1881, 56
1882, 27
1883, 90
1884, 79
1885, 96
1886, 79
1887, 97
1888, 16
1889, 73
0189, 18
1890, 63
1891, 18
1892, 18
1893, 86
1894, 60
1895, 46
1896, 60
1897, 93
1898, 19
1899, 39
0019, 02
0190, 18
1900, 64
1901, 19
1902, 82
1903, 24
1904, 25
1905, 29
1906, 55
1907, 25
1908, 14
1909, 81
0191, 30
1910, 27
1911, 03
1912, 47
1913, 37
1914, 68
1915, 28
1916, 97
1917, 54
1918, 79
1919, 46
0192, 67
1920, 90
1921, 52
1922, 79
1923, 33
1924, 61
1925, 91
1926, 22
1927, 55
1928, 49
1929, 74
0193, 82
1930, 04
1931, 12
1932, 81
1933, 14
1934, 71
1935, 85
1936, 58
1937, 16
1938, 62
1939, 10
0194, 23
1940, 81
1941, 05
1942, 97
1943, 71
1944, 99
1945, 26
1946, 11
1947, 10
1948, 11
1949, 33
0195, 34
1950, 04
1951, 62
1952, 57
1953, 00
1954, 04
1955, 42
1956, 17
1957, 73
1958, 30
1959, 60
0196, 43
1960, 90
1961, 11
1962, 15
1963, 17
1964, 18
1965, 12
1966, 51
1967, 08
1968, 12
1969, 22
0197, 71
1970, 60
1971, 08
1972, 35
1973, 74
1974, 09
1975, 09
1976, 13
1977, 53
1978, 90
1979, 00
0198, 06
1980, 94
1981, 73
1982, 73
1983, 45
1984, 89
1985, 67
1986, 23
1987, 38
1988, 61
1989, 08
0199, 97
1990, 81
1991, 97
1992, 91
1993, 29
1994, 21
1995, 60
1996, 22
1997, 81
1998, 04
1999, 97
0002, 89
0020, 50
0200, 76
2000, 71
2001, 78
2002, 62
2003, 46
2004, 91
2005, 13
2006, 72
2007, 09
2008, 66
2009, 37
0201, 54
2010, 29
2011, 12
2012, 79
2013, 78
2014, 71
2015, 99
2016, 62
2017, 35
2018, 74
2019, 58
0202, 28
2020, 83
2021, 61
2022, 55
2023, 18
2024, 21
2025, 77
2026, 67
2027, 97
2028, 95
2029, 27
0203, 90
2030, 24
2031, 14
2032, 26
2033, 44
2034, 04
2035, 02
2036, 63
2037, 42
2038, 33
2039, 71
0204, 93
2040, 10
2041, 97
2042, 61
2043, 11
2044, 45
2045, 73
2046, 02
2047, 23
2048, 17
2049, 42
0205, 55
2050, 79
2051, 04
2052, 73
2053, 00
2054, 53
2055, 27
2056, 06
2057, 56
2058, 91
2059, 13
0206, 61
2060, 12
2061, 67
2062, 24
2063, 57
2064, 50
2065, 80
2066, 98
2067, 81
2068, 02
2069, 23
0207, 55
2070, 03
2071, 79
2072, 77
2073, 49
2074, 55
2075, 44
2076, 24
2077, 48
2078, 00
2079, 07
0208, 00
2080, 97
2081, 57
2082, 77
2083, 00
2084, 57
2085, 49
2086, 88
2087, 33
2088, 19
2089, 95
0209, 15
2090, 64
2091, 54
2092, 91
2093, 52
2094, 05
2095, 21
2096, 37
2097, 80
2098, 38
2099, 70
0021, 36
0210, 11
2100, 06
2101, 94
2102, 23
2103, 73
2104, 99
2105, 33
2106, 58
2107, 37
2108, 94
2109, 97
0211, 18
2110, 71
2111, 41
2112, 75
2113, 04
2114, 45
2115, 07
2116, 23
2117, 67
2118, 24
2119, 47
0212, 64
2120, 77
2121, 10
2122, 34
2123, 51
2124, 73
2125, 66
2126, 79
2127, 09
2128, 27
2129, 46
0213, 70
2130, 36
2131, 81
2132, 86
2133, 63
2134, 24
2135, 12
2136, 62
2137, 11
2138, 52
2139, 05
0214, 07
2140, 91
2141, 02
2142, 79
2143, 19
2144, 66
2145, 68
2146, 85
2147, 27
2148, 38
2149, 60
0215, 55
2150, 61
2151, 07
2152, 71
2153, 38
2154, 95
2155, 63
2156, 32
2157, 96
2158, 01
2159, 97
0216, 35
2160, 00
2161, 94
2162, 39
2163, 90
2164, 87
2165, 73
2166, 62
2167, 39
2168, 39
2169, 43
0217, 86
2170, 84
2171, 33
2172, 79
2173, 46
2174, 68
2175, 20
2176, 19
2177, 41
2178, 12
2179, 19
0218, 81
2180, 72
2181, 35
2182, 67
2183, 73
2184, 55
2185, 56
2186, 91
2187, 54
2188, 05
2189, 51
0219, 15
2190, 68
2191, 92
2192, 78
2193, 11
2194, 76
2195, 32
2196, 27
2197, 72
2198, 05
2199, 28
0022, 45
0220, 36
2200, 07
2201, 71
2202, 29
2203, 78
2204, 43
2205, 35
2206, 40
2207, 11
2208, 51
2209, 91
0221, 73
2210, 96
2211, 11
2212, 70
2213, 46
2214, 60
2215, 05
2216, 50
2217, 37
2218, 26
2219, 51
0222, 62
2220, 12
2221, 51
2222, 51
2223, 03
2224, 17
2225, 20
2226, 71
2227, 61
2228, 04
2229, 05
0223, 42
2230, 50
2231, 68
2232, 36
2233, 75
2234, 29
2235, 80
2236, 76
2237, 25
2238, 23
2239, 55
0224, 03
2240, 12
2241, 22
2242, 29
2243, 59
2244, 72
2245, 94
2246, 50
2247, 66
2248, 64
2249, 32
0225, 02
2250, 19
2251, 14
2252, 39
2253, 52
2254, 52
2255, 32
2256, 97
2257, 73
2258, 60
2259, 78
0226, 24
2260, 47
2261, 35
2262, 17
2263, 73
2264, 76
2265, 84
2266, 58
2267, 21
2268, 18
2269, 51
0227, 37
2270, 22
2271, 00
2272, 69
2273, 36
2274, 56
2275, 53
2276, 27
2277, 00
2278, 28
2279, 04
0228, 67
2280, 96
2281, 32
2282, 88
2283, 71
2284, 58
2285, 69
2286, 74
2287, 09
2288, 01
2289, 47
0229, 07
2290, 09
2291, 79
2292, 37
2293, 60
2294, 51
2295, 12
2296, 72
2297, 65
2298, 89
2299, 59
0023, 12
0230, 72
2300, 45
2301, 71
2302, 96
2303, 35
2304, 90
2305, 62
2306, 30
2307, 04
2308, 85
2309, 48
0231, 96
2310, 33
2311, 00
2312, 49
2313, 09
2314, 63
2315, 20
2316, 11
2317, 03
2318, 12
2319, 99
0232, 39
2320, 39
2321, 80
2322, 78
2323, 30
2324, 84
2325, 25
2326, 32
2327, 56
2328, 18
2329, 44
0233, 46
2330, 59
2331, 34
2332, 62
2333, 41
2334, 50
2335, 55
2336, 95
2337, 41
2338, 08
2339, 89
0234, 12
2340, 27
2341, 34
2342, 78
2343, 26
2344, 29
2345, 80
2346, 45
2347, 42
2348, 48
2349, 46
0235, 57
2350, 99
2351, 23
2352, 34
2353, 73
2354, 68
2355, 11
2356, 95
2357, 79
2358, 09
2359, 32
0236, 57
2360, 07
2361, 21
2362, 56
2363, 51
2364, 99
2365, 00
2366, 66
2367, 94
2368, 82
2369, 55
0237, 07
2370, 85
2371, 97
2372, 18
2373, 49
2374, 76
2375, 75
2376, 21
2377, 04
2378, 52
2379, 96
0238, 88
2380, 01
2381, 04
2382, 60
2383, 09
2384, 66
2385, 04
2386, 32
2387, 04
2388, 22
2389, 49
0239, 55
2390, 87
2391, 42
2392, 33
2393, 67
2394, 12
2395, 82
2396, 49
2397, 45
2398, 95
2399, 05
0024, 67
0240, 32
2400, 55
2401, 42
2402, 72
2403, 38
2404, 50
2405, 82
2406, 69
2407, 63
2408, 42
2409, 26
0241, 71
2410, 69
2411, 05
2412, 62
2413, 40
2414, 33
2415, 38
2416, 59
2417, 29
2418, 68
2419, 05
0242, 57
2420, 74
2421, 38
2422, 95
2423, 39
2424, 04
2425, 08
2426, 86
2427, 26
2428, 49
2429, 08
0243, 11
2430, 51
2431, 33
2432, 77
2433, 79
2434, 88
2435, 50
2436, 14
2437, 55
2438, 07
2439, 06
0244, 70
2440, 16
2441, 89
2442, 82
2443, 56
2444, 97
2445, 46
2446, 68
2447, 59
2448, 72
2449, 16
0245, 68
2450, 40
2451, 96
2452, 55
2453, 80
2454, 97
2455, 79
2456, 41
2457, 96
2458, 40
2459, 74
0246, 35
2460, 55
2461, 88
2462, 79
2463, 35
2464, 82
2465, 18
2466, 18
2467, 57
2468, 87
2469, 39
0247, 04
2470, 37
2471, 77
2472, 89
2473, 96
2474, 81
2475, 49
2476, 49
2477, 79
2478, 26
2479, 68
0248, 24
2480, 80
2481, 49
2482, 42
2483, 11
2484, 76
2485, 32
2486, 75
2487, 66
2488, 50
2489, 36
0249, 86
2490, 89
2491, 93
2492, 96
2493, 96
2494, 52
2495, 66
2496, 75
2497, 18
2498, 23
2499, 93
0025, 80
0250, 39
2500, 23
2501, 12
2502, 27
2503, 02
2504, 27
2505, 87
2506, 04
2507, 43
2508, 04
2509, 73
0251, 90
2510, 71
2511, 35
2512, 79
2513, 66
2514, 68
2515, 45
2516, 84
2517, 27
2518, 67
2519, 01
0252, 32
2520, 52
2521, 56
2522, 69
2523, 36
2524, 61
2525, 59
2526, 70
2527, 55
2528, 13
2529, 67
0253, 33
2530, 36
2531, 12
2532, 45
2533, 77
2534, 29
2535, 86
2536, 26
2537, 79
2538, 85
2539, 46
0254, 69
2540, 95
2541, 60
2542, 16
2543, 14
2544, 35
2545, 59
2546, 04
2547, 85
2548, 05
2549, 27
0255, 51
2550, 61
2551, 93
2552, 60
2553, 96
2554, 03
2555, 84
2556, 41
2557, 56
2558, 99
2559, 46
0256, 99
2560, 80
2561, 70
2562, 40
2563, 51
2564, 50
2565, 33
2566, 78
2567, 58
2568, 01
2569, 72
0257, 74
2570, 82
2571, 30
2572, 03
2573, 82
2574, 07
2575, 11
2576, 28
2577, 67
2578, 77
2579, 45
0258, 77
2580, 02
2581, 66
2582, 09
2583, 43
2584, 38
2585, 67
2586, 41
2587, 56
2588, 97
2589, 91
0259, 97
2590, 70
2591, 07
2592, 51
2593, 18
2594, 69
2595, 63
2596, 05
2597, 10
2598, 76
2599, 23
0026, 48
0260, 27
2600, 24
2601, 51
2602, 42
2603, 29
2604, 27
2605, 08
2606, 36
2607, 49
2608, 73
2609, 00
0261, 75
2610, 21
2611, 27
2612, 31
2613, 42
2614, 20
2615, 23
2616, 79
2617, 47
2618, 45
2619, 15
0262, 38
2620, 17
2621, 46
2622, 19
2623, 92
2624, 53
2625, 27
2626, 69
2627, 27
2628, 57
2629, 04
0263, 23
2630, 04
2631, 12
2632, 91
2633, 86
2634, 75
2635, 12
2636, 33
2637, 16
2638, 48
2639, 49
0264, 96
2640, 86
2641, 35
2642, 82
2643, 61
2644, 72
2645, 76
2646, 17
2647, 50
2648, 12
2649, 38
0265, 96
2650, 42
2651, 21
2652, 45
2653, 82
2654, 79
2655, 40
2656, 96
2657, 04
2658, 27
2659, 08
0266, 03
2660, 33
2661, 25
2662, 20
2663, 00
2664, 81
2665, 75
2666, 43
2667, 55
2668, 04
2669, 11
0267, 34
2670, 00
2671, 73
2672, 35
2673, 31
2674, 25
2675, 44
2676, 71
2677, 00
2678, 83
2679, 17
0268, 96
2680, 37
2681, 32
2682, 34
2683, 79
2684, 75
2685, 55
2686, 80
2687, 70
2688, 44
2689, 50
0269, 48
2690, 91
2691, 14
2692, 60
2693, 18
2694, 09
2695, 94
2696, 79
2697, 79
2698, 09
2699, 99
0027, 70
0270, 42
2700, 96
2701, 49
2702, 23
2703, 76
2704, 63
2705, 49
2706, 59
2707, 85
2708, 69
2709, 59
0271, 35
2710, 52
2711, 73
2712, 97
2713, 57
2714, 27
2715, 32
2716, 61
2717, 02
2718, 72
2719, 15
0272, 55
2720, 38
2721, 75
2722, 97
2723, 85
2724, 46
2725, 37
2726, 79
2727, 05
2728, 04
2729, 04
0273, 61
2730, 60
2731, 10
2732, 24
2733, 04
2734, 54
2735, 98
2736, 41
2737, 14
2738, 05
2739, 05
0274, 60
2740, 71
2741, 15
2742, 74
2743, 22
2744, 64
2745, 74
2746, 57
2747, 22
2748, 50
2749, 90
0275, 53
2750, 91
2751, 53
2752, 80
2753, 72
2754, 55
2755, 28
2756, 06
2757, 25
2758, 46
2759, 20
0276, 78
2760, 94
2761, 96
2762, 45
2763, 21
2764, 59
2765, 60
2766, 62
2767, 77
2768, 80
2769, 87
0277, 55
2770, 37
2771, 27
2772, 33
2773, 28
2774, 05
2775, 48
2776, 10
2777, 90
2778, 31
2779, 91
0278, 04
2780, 21
2781, 74
2782, 51
2783, 95
2784, 68
2785, 47
2786, 21
2787, 97
2788, 25
2789, 35
0279, 23
2790, 10
2791, 15
2792, 65
2793, 27
2794, 76
2795, 30
2796, 25
2797, 88
2798, 06
2799, 69
0028, 76
0280, 03
2800, 63
2801, 97
2802, 94
2803, 99
2804, 35
2805, 55
2806, 08
2807, 60
2808, 20
2809, 79
0281, 91
2810, 16
2811, 69
2812, 36
2813, 34
2814, 75
2815, 33
2816, 40
2817, 87
2818, 75
2819, 55
0282, 51
2820, 77
2821, 12
2822, 50
2823, 59
2824, 08
2825, 78
2826, 02
2827, 85
2828, 89
2829, 25
0283, 51
2830, 95
2831, 23
2832, 28
2833, 18
2834, 93
2835, 59
2836, 58
2837, 85
2838, 33
2839, 56
0284, 60
2840, 16
2841, 51
2842, 87
2843, 49
2844, 88
2845, 60
2846, 76
2847, 10
2848, 59
2849, 67
0285, 55
2850, 62
2851, 17
2852, 75
2853, 24
2854, 55
2855, 34
2856, 16
2857, 57
2858, 19
2859, 64
0286, 04
2860, 85
2861, 99
2862, 50
2863, 59
2864, 27
2865, 58
2866, 98
2867, 36
2868, 86
2869, 04
0287, 08
2870, 67
2871, 72
2872, 95
2873, 04
2874, 84
2875, 04
2876, 00
2877, 07
2878, 38
2879, 39
0288, 70
2880, 87
2881, 93
2882, 44
2883, 23
2884, 46
2885, 49
2886, 55
2887, 36
2888, 77
2889, 12
0289, 69
2890, 76
2891, 40
2892, 82
2893, 99
2894, 78
2895, 81
2896, 15
2897, 47
2898, 74
2899, 71
0029, 72
0290, 94
2900, 27
2901, 51
2902, 14
2903, 13
2904, 07
2905, 62
2906, 46
2907, 72
2908, 59
2909, 55
0291, 62
2910, 96
2911, 94
2912, 11
2913, 90
2914, 96
2915, 16
2916, 26
2917, 47
2918, 21
2919, 53
0292, 66
2920, 16
2921, 57
2922, 32
2923, 31
2924, 65
2925, 48
2926, 42
2927, 90
2928, 04
2929, 14
0293, 11
2930, 96
2931, 18
2932, 60
2933, 03
2934, 85
2935, 75
2936, 36
2937, 99
2938, 55
2939, 81
0294, 94
2940, 50
2941, 76
2942, 83
2943, 47
2944, 87
2945, 59
2946, 32
2947, 07
2948, 18
2949, 13
0295, 01
2950, 30
2951, 73
2952, 15
2953, 35
2954, 92
2955, 71
2956, 51
2957, 85
2958, 18
2959, 59
0296, 66
2960, 65
2961, 57
2962, 94
2963, 37
2964, 70
2965, 41
2966, 40
2967, 30
2968, 67
2969, 56
0297, 50
2970, 09
2971, 56
2972, 48
2973, 38
2974, 01
2975, 27
2976, 97
2977, 94
2978, 28
2979, 62
0298, 95
2980, 60
2981, 07
2982, 01
2983, 49
2984, 34
2985, 32
2986, 00
2987, 78
2988, 26
2989, 28
0299, 65
2990, 61
2991, 40
2992, 96
2993, 81
2994, 01
2995, 99
2996, 96
2997, 13
2998, 75
2999, 87
0003, 58
0030, 42
0300, 74
3000, 92
0301, 87
0302, 97
0303, 41
0304, 42
0305, 89
0306, 25
0307, 73
0308, 31
0309, 89
0031, 21
0310, 74
0311, 21
0312, 19
0313, 12
0314, 18
0315, 13
0316, 35
0317, 71
0318, 43
0319, 26
0032, 92
0320, 51
0321, 30
0322, 33
0323, 11
0324, 03
0325, 61
0326, 63
0327, 96
0328, 18
0329, 59
0033, 16
0330, 88
0331, 57
0332, 09
0333, 44
0334, 70
0335, 96
0336, 59
0337, 95
0338, 59
0339, 88
0034, 35
0340, 52
0341, 89
0342, 06
0343, 66
0344, 83
0345, 07
0346, 12
0347, 28
0348, 78
0349, 09
0035, 54
0350, 79
0351, 00
0352, 86
0353, 85
0354, 07
0355, 51
0356, 63
0357, 60
0358, 42
0359, 72
0036, 20
0360, 24
0361, 12
0362, 42
0363, 90
0364, 93
0365, 83
0366, 19
0367, 24
0368, 50
0369, 88
0037, 97
0370, 67
0371, 55
0372, 27
0373, 70
0374, 63
0375, 09
0376, 10
0377, 53
0378, 57
0379, 45
0038, 22
0380, 72
0381, 85
0382, 96
0383, 38
0384, 96
0385, 49
0386, 81
0387, 31
0388, 87
0389, 74
0039, 64
0390, 67
0391, 90
0392, 85
0393, 21
0394, 92
0395, 95
0396, 32
0397, 49
0398, 99
0399, 90
0004, 41
0040, 18
0400, 67
0401, 11
0402, 42
0403, 22
0404, 50
0405, 30
0406, 34
0407, 79
0408, 67
0409, 17
0041, 37
0410, 59
0411, 10
0412, 78
0413, 67
0414, 47
0415, 97
0416, 39
0417, 24
0418, 28
0419, 28
0042, 28
0420, 01
0421, 96
0422, 56
0423, 95
0424, 97
0425, 26
0426, 05
0427, 79
0428, 04
0429, 77
0043, 43
0430, 04
0431, 48
0432, 17
0433, 58
0434, 21
0435, 87
0436, 85
0437, 63
0438, 18
0439, 72
0044, 81
0440, 78
0441, 19
0442, 13
0443, 75
0444, 78
0445, 08
0446, 57
0447, 27
0448, 69
0449, 62
0045, 33
0450, 33
0451, 30
0452, 23
0453, 74
0454, 21
0455, 23
0456, 16
0457, 38
0458, 90
0459, 47
0046, 82
0460, 79
0461, 33
0462, 96
0463, 95
0464, 04
0465, 77
0466, 13
0467, 60
0468, 78
0469, 90
0047, 33
0470, 58
0471, 38
0472, 27
0473, 62
0474, 80
0475, 80
0476, 85
0477, 50
0478, 33
0479, 75
0048, 04
0480, 14
0481, 28
0482, 38
0483, 11
0484, 97
0485, 11
0486, 05
0487, 04
0488, 19
0489, 18
0049, 90
0490, 55
0491, 60
0492, 14
0493, 42
0494, 27
0495, 53
0496, 40
0497, 55
0498, 93
0499, 10
0005, 27
0050, 57
0500, 83
0501, 81
0502, 17
0503, 82
0504, 27
0505, 46
0506, 70
0507, 48
0508, 31
0509, 03
0051, 71
0510, 22
0511, 03
0512, 51
0513, 65
0514, 23
0515, 16
0516, 52
0517, 81
0518, 70
0519, 46
0052, 52
0520, 95
0521, 33
0522, 74
0523, 40
0524, 38
0525, 56
0526, 14
0527, 27
0528, 96
0529, 80
0053, 63
0530, 94
0531, 35
0532, 05
0533, 24
0534, 34
0535, 27
0536, 02
0537, 41
0538, 97
0539, 69
0054, 12
0540, 18
0541, 96
0542, 37
0543, 84
0544, 87
0545, 36
0546, 04
0547, 64
0548, 96
0549, 71
0055, 74
0550, 04
0551, 15
0552, 74
0553, 74
0554, 60
0555, 89
0556, 44
0557, 72
0558, 24
0559, 15
0056, 50
0560, 01
0561, 27
0562, 44
0563, 17
0564, 04
0565, 23
0566, 10
0567, 60
0568, 17
0569, 59
0057, 63
0570, 92
0571, 04
0572, 85
0573, 48
0574, 27
0575, 48
0576, 38
0577, 12
0578, 97
0579, 58
0058, 41
0580, 23
0581, 10
0582, 24
0583, 66
0584, 79
0585, 55
0586, 14
0587, 35
0588, 63
0589, 51
0059, 49
0590, 71
0591, 58
0592, 05
0593, 44
0594, 49
0595, 79
0596, 50
0597, 24
0598, 22
0599, 95
0006, 60
0060, 78
0600, 96
0601, 22
0602, 95
0603, 16
0604, 27
0605, 08
0606, 63
0607, 76
0608, 06
0609, 61
0061, 59
0610, 10
0611, 54
0612, 17
0613, 20
0614, 93
0615, 15
0616, 50
0617, 71
0618, 04
0619, 64
0062, 98
0620, 19
0621, 36
0622, 47
0623, 33
0624, 10
0625, 62
0626, 81
0627, 34
0628, 05
0629, 07
0063, 75
0630, 69
0631, 01
0632, 68
0633, 63
0634, 33
0635, 70
0636, 68
0637, 00
0638, 49
0639, 20
0064, 10
0640, 72
0641, 55
0642, 44
0643, 12
0644, 64
0645, 91
0646, 06
0647, 06
0648, 02
0649, 07
0065, 55
0650, 35
0651, 27
0652, 83
0653, 65
0654, 07
0655, 27
0656, 40
0657, 60
0658, 63
0659, 73
0066, 23
0660, 31
0661, 17
0662, 41
0663, 32
0664, 28
0665, 97
0666, 71
0667, 96
0668, 97
0669, 08
0067, 57
0670, 18
0671, 41
0672, 23
0673, 37
0674, 82
0675, 41
0676, 27
0677, 49
0678, 51
0679, 16
0068, 51
0680, 07
0681, 08
0682, 06
0683, 38
0684, 07
0685, 32
0686, 79
0687, 79
0688, 27
0689, 91
0069, 01
0690, 85
0691, 55
0692, 81
0693, 56
0694, 69
0695, 47
0696, 35
0697, 23
0698, 54
0699, 12
0007, 07
0070, 18
0700, 64
0701, 05
0702, 17
0703, 15
0704, 34
0705, 26
0706, 28
0707, 15
0708, 90
0709, 68
0071, 98
0710, 28
0711, 31
0712, 50
0713, 58
0714, 62
0715, 01
0716, 38
0717, 94
0718, 50
0719, 10
0072, 96
0720, 55
0721, 81
0722, 79
0723, 48
0724, 88
0725, 78
0726, 19
0727, 83
0728, 23
0729, 42
0073, 32
0730, 63
0731, 89
0732, 38
0733, 27
0734, 38
0735, 28
0736, 21
0737, 15
0738, 35
0739, 22
0074, 20
0740, 59
0741, 70
0742, 66
0743, 33
0744, 26
0745, 33
0746, 90
0747, 04
0748, 18
0749, 26
0075, 50
0750, 57
0751, 20
0752, 74
0753, 69
0754, 41
0755, 66
0756, 04
0757, 50
0758, 91
0759, 78
0076, 78
0760, 32
0761, 06
0762, 90
0763, 05
0764, 53
0765, 38
0766, 87
0767, 59
0768, 47
0769, 59
0077, 40
0770, 52
0771, 79
0772, 41
0773, 72
0774, 08
0775, 60
0776, 70
0777, 59
0778, 67
0779, 00
0078, 24
0780, 03
0781, 59
0782, 83
0783, 64
0784, 44
0785, 26
0786, 70
0787, 54
0788, 24
0789, 29
0079, 31
0790, 76
0791, 55
0792, 70
0793, 48
0794, 66
0795, 61
0796, 03
0797, 23
0798, 89
0799, 01
0008, 35
0080, 42
0800, 63
0801, 67
0802, 99
0803, 68
0804, 95
0805, 93
0806, 30
0807, 50
0808, 56
0809, 23
0081, 60
0810, 22
0811, 35
0812, 90
0813, 74
0814, 29
0815, 52
0816, 95
0817, 27
0818, 09
0819, 74
0082, 21
0820, 02
0821, 44
0822, 46
0823, 22
0824, 37
0825, 33
0826, 25
0827, 12
0828, 90
0829, 11
0083, 00
0830, 71
0831, 35
0832, 63
0833, 39
0834, 53
0835, 51
0836, 20
0837, 52
0838, 26
0839, 93
0084, 46
0840, 09
0841, 86
0842, 62
0843, 45
0844, 42
0845, 35
0846, 74
0847, 96
0848, 72
0849, 05
0085, 44
0850, 91
0851, 04
0852, 90
0853, 02
0854, 66
0855, 70
0856, 18
0857, 49
0858, 39
0859, 04
0086, 68
0860, 02
0861, 70
0862, 16
0863, 35
0864, 55
0865, 89
0866, 82
0867, 82
0868, 64
0869, 86
0087, 19
0870, 76
0871, 51
0872, 20
0873, 97
0874, 78
0875, 55
0876, 60
0877, 14
0878, 71
0879, 42
0088, 42
0880, 27
0881, 09
0882, 67
0883, 77
0884, 70
0885, 94
0886, 48
0887, 67
0888, 96
0889, 47
0089, 21
0890, 36
0891, 59
0892, 67
0893, 08
0894, 66
0895, 07
0896, 27
0897, 67
0898, 81
0899, 12
0009, 96
0090, 93
0900, 96
0901, 62
0902, 11
0903, 79
0904, 85
0905, 52
0906, 81
0907, 21
0908, 12
0909, 40
0091, 82
0910, 76
0911, 59
0912, 91
0913, 85
0914, 88
0915, 65
0916, 67
0917, 58
0918, 24
0919, 35
0092, 91
0920, 71
0921, 89
0922, 11
0923, 89
0924, 79
0925, 51
0926, 23
0927, 81
0928, 44
0929, 09
0093, 04
0930, 00
0931, 68
0932, 13
0933, 71
0934, 03
0935, 58
0936, 42
0937, 01
0938, 67
0939, 43
0094, 22
0940, 09
0941, 20
0942, 99
0943, 23
0944, 85
0945, 80
0946, 13
0947, 31
0948, 74
0949, 53
0095, 18
0950, 78
0951, 26
0952, 68
0953, 14
0954, 20
0955, 29
0956, 84
0957, 48
0958, 00
0959, 30
0096, 16
0960, 96
0961, 17
0962, 23
0963, 85
0964, 03
0965, 66
0966, 69
0967, 75
0968, 60
0969, 23
0097, 25
0970, 07
0971, 84
0972, 66
0973, 56
0974, 16
0975, 73
0976, 71
0977, 25
0978, 92
0979, 72
0098, 21
0980, 66
0981, 67
0982, 94
0983, 11
0984, 27
0985, 24
0986, 08
0987, 12
0988, 85
0989, 06
0099, 85
0990, 10
0991, 25
0992, 97
0993, 09
0994, 62
0995, 07
0996, 08
0997, 11
0998, 26
0999, 01